아이디,PK,단어
__doory,2949337915,3355
 , ,홈
 , ,카페
 , ,번가
 , ,득템
 , ,바바
 , ,마이
 , ,홈
 , ,카페
 , ,쿠폰
 , ,홈
 , ,카페
 , ,병
 , ,팬케이크
 , ,메이커
 , ,완전
 , ,꿀
 , ,득템
 , ,바닐라
 , ,라떼
 , ,한잔
 , ,오늘
 , ,화이팅
 , ,바닐라
 , ,라떼
 , ,바닐라
 , ,우유
 , ,마이
 , ,홈
 , ,카페
 , ,액
 , ,꾸르맛
 , ,이지
 , ,커피
 , ,스타
 , ,그램
 , ,라떼
 , ,만들기
 , ,홈쿡
 , ,요리
 , ,스타
 , ,그램
 , ,카페
 , ,스타
 , ,그램
 , ,커피
 , ,스타
 , ,그램
 , ,디저트
 , ,그램
 , ,라떼
 , ,아이스
 , ,라떼
 , ,커피
 , ,맛집
 , ,주말
 , ,스타
 , ,그램
 , ,레트로
 , ,느낌
 , ,다가
 , ,냉동
 , ,삼겹살
 , ,은
 , ,쟁반
 , ,분홍
 , ,소시지
 , ,스타
 , ,그램
 , ,맛스타
 , ,그램
 , ,복
 , ,삼겹
 , ,삼겹살
 , ,맛집
 , ,창동
 , ,맛집
 , ,먹방
 , ,맛스타
 , ,그램
 , ,글
 , ,글
 , ,노릇
 , ,모듬전
 , ,막걸리
 , ,한잔
 , ,매콤
 , ,낙지
 , ,소면
 , ,서비스
 , ,서비스
 , ,후
 , ,여기
 , ,장마
 , ,맛집
 , ,장마
 , ,준비
 , ,자세
 , ,빈대떡
 , ,고향
 , ,빈대떡
 , ,듬
 , ,막걸리
 , ,맛집
 , ,동그랑땡
 , ,낙지
 , ,소면
 , ,먹방
 , ,스타
 , ,그램
 , ,맛스타
 , ,그램
 , ,놈
 , ,다가
 , ,한판
 , ,겉바
 , ,촉
 , ,장어구이
 , ,민물장어
 , ,스타
 , ,그램
 , ,여름
 , ,몸
 , ,보신
 , ,몸
 , ,보신
 , ,음식
 , ,먹방
 , ,스타
 , ,그램
 , ,오늘
 , ,날
 , ,이열치열
 , ,쭈꾸미
 , ,볶음
 , ,휘
 , ,리릭
 , ,오늘
 , ,뭐
 , ,맛스타
 , ,그램
 , ,먹방
 , ,쭈꾸미
 , ,볶음
 , ,낭만
 , ,쭈꾸미
 , ,캠핑
 , ,메뉴
 , ,캠핑
 , ,요리
 , ,쭈꾸미
 , ,볶음
 , ,배달
 , ,캠핑
 , ,스타
 , ,그램
 , ,이번
 , ,캠핑
 , ,베스트
 , ,메뉴
 , ,아라비아
 , ,쉬
 , ,림프
 , ,파스타
 , ,매콤
 , ,소스
 , ,입
 , ,착착
 , ,새우
 , ,일품
 , ,스타
 , ,그램
 , ,맛스타
 , ,뭐
 , ,캠핑
 , ,요리
 , ,캠핑
 , ,파스타
 , ,캠핑
 , ,메뉴
 , ,아웃도어
 , ,캠핑
 , ,백마
 , ,아웃도어
 , ,먹방
 , ,파스타
 , ,그램
 , ,맛스타
 , ,그램
 , ,레인지
 , ,바삭
 , ,고로케
 , ,치즈
 , ,내
 , ,간식
 , ,바삭
 , ,고로케
 , ,치즈
 , ,고로케
 , ,치즈
 , ,바삭
 , ,세트
 , ,치즈
 , ,바삭
 , ,간식
 , ,스타
 , ,그램
 , ,치즈
 , ,덕후
 , ,고로케
 , ,스타
 , ,그램
 , ,먹방
 , ,그램
 , ,스타
 , ,그램
 , ,전자렌지
 , ,우주인
 , ,피자
 , ,매콤
 , ,소스
 , ,아보카도
 , ,화덕
 , ,피자
 , ,집
 , ,굿굿
 , ,아보카도
 , ,볼케이노
 , ,볼케이노
 , ,피자
 , ,아보카도
 , ,피자
 , ,화덕
 , ,피자
 , ,피자
 , ,택배
 , ,맛스타
 , ,그램
 , ,우주인
 , ,피자
 , ,신제품
 , ,피자
 , ,먹방
 , ,피자
 , ,추천
 , ,냉동
 , ,피자
 , ,화덕
 , ,피자
 , ,혜자
 , ,토핑
 , ,택배
 , ,피자
 , ,피맥
 , ,불금
 , ,불
 , ,파란
 , ,칵테일
 , ,월남쌈
 , ,스타
 , ,그램
 , ,맛스타
 , ,그램
 , ,여름
 , ,월남쌈
 , ,오늘
 , ,뭐
 , ,먹방
 , ,맛스타
 , ,그램
 , ,룩앳띠스
 , ,참치
 , ,목요일
 , ,스타
 , ,그램
 , ,참치회
 , ,참치
 , ,배달
 , ,그램
 , ,먹방
 , ,홈술
 , ,오늘
 , ,뭐
 , ,간바레
 , ,또
 , ,스타
 , ,그램
 , ,노릇
 , ,운
 , ,육즙
 , ,고기만
 , ,분
 , ,소스
 , ,퐁당
 , ,콤달콤
 , ,꿀
 , ,조합
 , ,일상
 , ,스타
 , ,그램
 , ,오늘
 , ,뭐
 , ,맛스타
 , ,그램
 , ,몬스터
 , ,퐁당
 , ,고기만
 , ,퐁당
 , ,소스
 , ,만두
 , ,스타
 , ,그램
 , ,먹방
 , ,맥주
 , ,안주
 , ,스타
 , ,그램
 , ,비비고
 , ,고향
 , ,만두
 , ,궁
 , ,봄
 , ,요것
 , ,맛스타
 , ,그램
 , ,캠핑
 , ,스타
 , ,그램
 , ,스타
 , ,그램
 , ,아웃도어
 , ,취미
 , ,스타
 , ,그램
 , ,스타
 , ,그램
 , ,매콤
 , ,아라비아
 , ,새우
 , ,맛스타
 , ,그램
 , ,캠핑
 , ,요리
 , ,캠핑
 , ,요리
 , ,오늘
 , ,뭐
 , ,요리
 , ,스타
 , ,그램
 , ,쿡
 , ,스타
 , ,그램
 , ,캠핑
 , ,스타
 , ,그램
 , ,취미
 , ,스타
 , ,일리
 , ,아웃도어
 , ,파스타
 , ,펜네
 , ,파스타
 , ,토마토
 , ,파스타
 , ,캠핑
 , ,메뉴
 , ,삼겹살
 , ,뒤
 , ,선택
 , ,캠핑
 , ,요리
 , ,캠핑
 , ,스타
 , ,그램
 , ,아웃도어
 , ,캠핑
 , ,음식
 , ,아웃도어
 , ,캠핑
 , ,맛집
 , ,새우
 , ,장작구이
 , ,주말
 , ,스타
 , ,그램
 , ,취미
 , ,스타
 , ,그램
 , ,대화
 , ,대구
 , ,캠핑
 , ,스타
 , ,그램
 , ,티피
 , ,사고
 , ,이제
 , ,두번째
 , ,피칭
 , ,분발
 , ,허자
 , ,몸
 , ,고
 , ,캠핑
 , ,역시
 , ,즐거웟
 , ,캠핑
 , ,아웃도어
 , ,피치
 , ,오리진
 , ,가평
 , ,캠핑
 , ,청평
 , ,캠핑
 , ,캠핑
 , ,그램
 , ,피치
 , ,오리진
 , ,티피
 , ,텐트
 , ,취미
 , ,스타
 , ,그램
 , ,덴
 , ,캠핑
 , ,덴펜션올덴
 , ,캠핑장
 , ,맛스타
 , ,그램
 , ,언제
 , ,곱창
 , ,스타
 , ,그램
 , ,오늘
 , ,뭐
 , ,먹방
 , ,곱창
 , ,노원
 , ,곱창
 , ,오늘
 , ,데이
 , ,리
 , ,선팔
 , ,맞팔
 , ,일상
 , ,스타
 , ,그램
 , ,맛스타
 , ,그램
 , ,날
 , ,물고기
 , ,이
 , ,맛
 , ,돈
 , ,스타
 , ,그램
 , ,도미
 , ,회
 , ,마쓰
 , ,생선회
 , ,먹방
 , ,남해
 , ,횟집
 , ,그램
 , ,오늘
 , ,뭐
 , ,해산
 , ,물회
 , ,한사
 , ,바리
 , ,수유
 , ,맛집
 , ,겨울
 , ,회
 , ,스타
 , ,그램
 , ,이
 , ,떡
 , ,떡
 , ,순이
 , ,떡
 , ,스노우
 , ,크림
 , ,치즈
 , ,떡
 , ,쑥
 , ,밀크
 , ,떡
 , ,모카
 , ,밀크
 , ,치즈
 , ,떡
 , ,쇼콜라
 , ,크림
 , ,치즈
 , ,떡
 , ,레트로
 , ,떡떡떡
 , ,떡
 , ,스타
 , ,그램
 , ,스타
 , ,그램
 , ,맛스타
 , ,그램
 , ,떡
 , ,그램
 , ,떡
 , ,덕후
 , ,모찌
 , ,그램
 , ,이번
 , ,생굴
 , ,야들야들
 , ,통
 , ,삼겹
 , ,굴
 , ,보쌈
 , ,마늘
 , ,소스
 , ,스타
 , ,그램
 , ,오늘
 , ,뭐
 , ,맛스타
 , ,그램
 , ,굴
 , ,제철
 , ,생굴
 , ,보쌈
 , ,통
 , ,삼겹
 , ,보쌈
 , ,삼겹
 , ,보쌈
 , ,삼겹살
 , ,보쌈
 , ,주말
 , ,일리
 , ,선팔
 , ,맞팔
 , ,오늘
 , ,홈쿡홈
 , ,스타
 , ,그램
 , ,요리
 , ,스타
 , ,그램
 , ,맛스타
 , ,그램
 , ,마장동
 , ,전봇대
 , ,아침
 , ,고기
 , ,마장동
 , ,소고기
 , ,마장동
 , ,맛집
 , ,소고기
 , ,한판
 , ,한우
 , ,데
 , ,일리
 , ,오늘
 , ,뭐
 , ,스타
 , ,그램
 , ,우정
 , ,육식
 , ,소고기
 , ,특수
 , ,부위
 , ,선팔
 , ,맞팔
 , ,불금
 , ,맛스타
 , ,그램
 , ,끈
 , ,끈
 , ,오뎅
 , ,절로
 , ,손
 , ,날씨
 , ,스타
 , ,그램
 , ,국물
 , ,일상
 , ,스타
 , ,일리
 , ,오뎅
 , ,꼬치
 , ,분식
 , ,포장마차
 , ,길거리
 , ,포장마차
 , ,먹방
 , ,선팔
 , ,맞팔
 , ,아웃도어
 , ,겨울
 , ,간식
 , ,먹방
 , ,금
 , ,어기
 , ,도
 , ,토실
 , ,토실
 , ,꽃게
 , ,맛좀
 , ,소래포구
 , ,대신
 , ,구리
 , ,농수산물시장
 , ,맛스타
 , ,그램
 , ,스타
 , ,꽃게
 , ,꽃게
 , ,찜
 , ,꽃게
 , ,철데
 , ,일리
 , ,오늘
 , ,뭐
 , ,제철
 , ,음식
 , ,그램
 , ,스타
 , ,그램
 , ,오늘
 , ,날씨
 , ,냉채
 , ,족발
 , ,맛스타
 , ,그램
 , ,냉채
 , ,족발
 , ,부산
 , ,냉채
 , ,족발
 , ,데
 , ,일리
 , ,일상
 , ,스타
 , ,그램
 , ,부산
 , ,맛집
 , ,한양
 , ,족발
 , ,족발
 , ,맛집
 , ,소주
 , ,한잔
 , ,소통
 , ,오늘
 , ,선팔
 , ,맞팔
 , ,아웃도어
 , ,캠핑
 , ,캠핑
 , ,스타
 , ,그램
 , ,스타
 , ,그램
 , ,진짜
 , ,생소
 , ,곱창
 , ,화사
 , ,여파
 , ,곱창
 , ,집
 , ,사람
 , ,곱창
 , ,생
 , ,곱창
 , ,제대로
 , ,곱창
 , ,노원
 , ,맛집
 , ,노원
 , ,곱창
 , ,맛스타
 , ,그램
 , ,촵촵
 , ,오늘
 , ,뭐
 , ,곱창
 , ,맛집
 , ,아웃도어
 , ,캠핑
 , ,스타
 , ,그램
 , ,먹방
 , ,스타
 , ,그램
 , ,진심
 , ,격하
 , ,맛스타
 , ,그램
 , ,여행
 , ,스타
 , ,그램
 , ,부산여행
 , ,수산물
 , ,장기
 , ,해녀
 , ,촌
 , ,해녀
 , ,촌
 , ,기장
 , ,맛집
 , ,해산물
 , ,해산물
 , ,파티
 , ,데
 , ,일리
 , ,여행
 , ,맛집
 , ,투어
 , ,맛스타
 , ,그램
 , ,옛날
 , ,비주
 , ,얼
 , ,땀
 , ,뻘뻘
 , ,능
 , ,스타
 , ,그램
 , ,삼겹살
 , ,오늘
 , ,뭐
 , ,일리
 , ,그램
 , ,삼겹살
 , ,파티
 , ,창동
 , ,맛집
 , ,생
 , ,고기
 , ,먹방
 , ,기사
 , ,스타
 , ,그램
 , ,요즘
 , ,뿔
 , ,소라
 , ,동네
 , ,곳
 , ,이
 , ,전복
 , ,회
 , ,개불
 , ,접시
 , ,가성
 , ,비
 , ,해산
 , ,물집
 , ,발견
 , ,맛스타
 , ,그램
 , ,일상
 , ,오늘
 , ,소통
 , ,회
 , ,해산물
 , ,해산물
 , ,파티
 , ,전복
 , ,소주
 , ,한잔
 , ,데
 , ,일리
 , ,포장마차
 , ,횟집
 , ,맛집
 , ,맛스타
 , ,그램
 , ,몸
 , ,보신
 , ,전복
 , ,삼계탕
 , ,스타
 , ,그램
 , ,전복
 , ,삼계탕
 , ,샤으샤
 , ,아웃도어
 , ,취미
 , ,낚시
 , ,아웃도어
 , ,낚시
 , ,끝
 , ,입질
 , ,오
 , ,저
 , ,멀리
 , ,절경
 , ,내
 , ,마음
 , ,구나
 , ,낚시
 , ,스타
 , ,그램
 , ,바다
 , ,취미
 , ,스타
 , ,그램
 , ,여행
 , ,스타
 , ,그램
 , ,속초
 , ,아바이
 , ,마을
 , ,추억
 , ,낚시
 , ,스타
 , ,그램
 , ,낚시
 , ,멍게
 , ,능력
 , ,자세
 , ,취미
 , ,아웃도어
 , ,낚시
 , ,아동
 , ,해
 , ,아바이
 , ,마을
 , ,속초
 , ,속초
 , ,바다
 , ,봄
 , ,도다리
 , ,맛스타
 , ,그램
 , ,낚시
 , ,용왕
 , ,회
 , ,꿀맛
 , ,회
 , ,스타
 , ,그램
 , ,숭어
 , ,청어
 , ,참돔
 , ,광어
 , ,속초
 , ,대포항
 , ,아웃도어
 , ,라이프
 , ,낚시
 , ,낚시
 , ,스타
 , ,그램
 , ,취미
 , ,겨울
 , ,바다
 , ,낚시
 , ,스타
 , ,그램
 , ,겨울
 , ,바다
 , ,겨울
 , ,바람
 , ,춥다
 , ,고성
 , ,똥
 , ,바람
 , ,간만
 , ,콧
 , ,바람
 , ,낚시
 , ,봉포
 , ,해변
 , ,겨울
 , ,바다
 , ,아웃도어
 , ,아웃도어
 , ,라이프
 , ,봄
 , ,도다리
 , ,도다리
 , ,낚시
 , ,바다낚시
 , ,힐링
 , ,낚시
 , ,스타
 , ,그램
 , ,이
 , ,겨울
 , ,봄
 , ,오기
 , ,라이언
 , ,너
 , ,낚시
 , ,취미
 , ,스타
 , ,그램
 , ,아웃도어
 , ,낚시
 , ,겨울
 , ,봄
 , ,아웃도어
 , ,라이프
 , ,오늘
 , ,소통
 , ,선팔
 , ,맞팔
 , ,봄
 , ,도다리
 , ,낚시
 , ,화이팅
 , ,맛스타
 , ,그램
 , ,올해
 , ,화천
 , ,산천어
 , ,축제
 , ,손맛
 , ,맛
 , ,올해
 , ,크기
 , ,좀
 , ,얼음
 , ,낚시
 , ,아웃도어
 , ,아웃도어
 , ,라이프
 , ,낚시
 , ,낚시
 , ,스타
 , ,그램
 , ,겨울
 , ,축제
 , ,산천어
 , ,축제
 , ,마
 , ,도시
 , ,어부
 , ,마이크로
 , ,산천어
 , ,손맛
 , ,겨울
 , ,낚시
 , ,동장군
 , ,겨울
 , ,동계
 , ,맛스타
 , ,그램
 , ,만
 , ,야들야들
 , ,꼬치
 , ,집
 , ,근처
 , ,맛집
 , ,먹방
 , ,스타
 , ,그램
 , ,노원
 , ,꼬치
 , ,청도
 , ,꼬치
 , ,칭따오
 , ,청도
 , ,맥주
 , ,먹방
 , ,오늘
 , ,소통
 , ,선팔
 , ,맛팔
 , ,일상
 , ,스타
 , ,그램
 , ,이유
 , ,추억
 , ,여행
 , ,바다
 , ,럽
 , ,스타
 , ,그램
 , ,여행
 , ,스타
 , ,그램
 , ,겨울
 , ,오늘
 , ,소통
 , ,데
 , ,일리
 , ,아웃도어
 , ,캠핑
 , ,스타
 , ,그램
 , ,글
 , ,글
 , ,제주
 , ,돼지
 , ,구이
 , ,젓
 , ,꾸욱
 , ,입
 , ,세상
 , ,스타
 , ,그램
 , ,제주
 , ,돼지
 , ,삼겹살
 , ,목살
 , ,갈매기살
 , ,굴젓
 , ,창동
 , ,맛집
 , ,제주
 , ,애
 , ,육당
 , ,오늘
 , ,뭐
 , ,먹방
 , ,맛방
 , ,오늘
 , ,데
 , ,일리
 , ,소통
 , ,선팔
 , ,맞팔
 , ,통
 , ,삼겹살
 , ,아웃도어
 , ,그램
 , ,완전
 , ,재미
 , ,지게
 , ,도시
 , ,어부
 , ,낚시
 , ,낚시
 , ,낚시
 , ,스타
 , ,그램
 , ,바다
 , ,여행
 , ,아웃도어
 , ,아웃도어
 , ,라이프
 , ,취미
 , ,스타
 , ,그램
 , ,겨울
 , ,바다
 , ,맛스타
 , ,그램
 , ,박
 , ,이번
 , ,주말
 , ,마무
 , ,으리
 , ,다음주
 , ,가즈
 , ,일상
 , ,스타
 , ,오늘
 , ,일요일
 , ,충전
 , ,데
 , ,일리
 , ,사케
 , ,참치회
 , ,혼
 , ,참치
 , ,스타
 , ,그램
 , ,요리
 , ,실력
 , ,녀석
 , ,준
 , ,김치
 , ,찜
 , ,생각
 , ,뚝딱
 , ,뚝딱
 , ,녀석
 , ,맛스타
 , ,그램
 , ,먹방
 , ,캠핑
 , ,요리
 , ,캠핑
 , ,스타
 , ,그램
 , ,아웃도어
 , ,아웃도어
 , ,라이프
 , ,칼로리
 , ,캠핑
 , ,메뉴
 , ,불금
 , ,오늘
 , ,소통
 , ,주말
 , ,일상
 , ,스타
 , ,그램
 , ,낚시
 , ,스타
 , ,그램
 , ,그대로
 , ,감성
 , ,스타
 , ,그램
 , ,취미
 , ,스타
 , ,그램
 , ,밤
 , ,낚시
 , ,취미
 , ,인생
 , ,아날로그
 , ,아웃도어
 , ,아웃도어
 , ,라이프
 , ,낚시
 , ,불금
 , ,오늘
 , ,소통
 , ,데
 , ,일리
 , ,상일
 , ,스타
 , ,그램
 , ,힐링
 , ,소통
 , ,선팔
 , ,맞팔
 , ,스타
 , ,그램
 , ,통
 , ,갈치
 , ,구이
 , ,쌀밥
 , ,제주
 , ,은
 , ,갈치
 , ,구이
 , ,점
 , ,감성
 , ,스타
 , ,그램
 , ,인생
 , ,아날로그
 , ,아웃도어
 , ,아웃도어
 , ,라이프
 , ,캠핑
 , ,불금
 , ,오늘
 , ,뭐
 , ,제주
 , ,여행
 , ,오늘
 , ,소통
 , ,데
 , ,일리
 , ,상일
 , ,스타
 , ,그램
 , ,힐링
 , ,소통
 , ,선팔
 , ,맞팔
 , ,아날로그
 , ,추억
 , ,이발관
 , ,오늘
 , ,소통
 , ,데
 , ,일리
 , ,상일
 , ,스타
 , ,그램
 , ,힐링
 , ,소통
 , ,선팔
 , ,맞팔
 , ,감성
 , ,스타
 , ,그램
 , ,인생
 , ,아날로그
 , ,아웃도어
 , ,아웃도어
 , ,라이프
 , ,캠핑
 , ,이발소
 , ,스타
 , ,그램
 , ,그냥
 , ,제주
 , ,해산물
 , ,달
 , ,맛
 , ,맛스타
 , ,그램
 , ,해산물
 , ,전복
 , ,문어
 , ,숙회
 , ,멍게
 , ,해삼
 , ,라일
 , ,스타
 , ,그램
 , ,힐링
 , ,오늘
 , ,소통
 , ,선팔
 , ,맞팔
 , ,데
 , ,일리
 , ,소통
 , ,감성
 , ,스타
 , ,그램
 , ,인생
 , ,아날로그
 , ,아웃도어
 , ,아웃도어
 , ,라이프
 , ,캠핑
 , ,낚시
 , ,스타
 , ,그램
 , ,폭
 , ,그림
 , ,힐링
 , ,아웃도어
 , ,아웃도어
 , ,라이프
 , ,캠핑
 , ,캠핑
 , ,스타
 , ,그램
 , ,여행
 , ,스타
 , ,그램
 , ,오늘
 , ,소통
 , ,선팔
 , ,맞팔
 , ,데
 , ,일리
 , ,소통
 , ,감성
 , ,스타
 , ,그램
 , ,인생
 , ,아날로그
 , ,낚시
 , ,바다
 , ,취미
 , ,스타
 , ,그램
 , ,맛스타
 , ,그램
 , ,나
 , ,요즘
 , ,사케
 , ,참치
 , ,홀릭
 , ,스타
 , ,그램
 , ,참치회
 , ,홈스
 , ,그램
 , ,일상
 , ,스타
 , ,그램
 , ,힐링
 , ,오늘
 , ,소통
 , ,선팔
 , ,맞팔
 , ,데
 , ,일리
 , ,소통
 , ,감성
 , ,스타
 , ,그램
 , ,인생
 , ,아날로그
 , ,아웃도어
 , ,아웃도어
 , ,라이프
 , ,캠핑
 , ,일상
 , ,스타
 , ,그램
 , ,진짜
 , ,겨울
 , ,흰눈
 , ,펑펑
 , ,찬
 , ,바람
 , ,쌔앵
 , ,마라도
 , ,짬뽕
 , ,여행
 , ,스타
 , ,그램
 , ,맛스타
 , ,그램
 , ,스타
 , ,그램
 , ,짬뽕
 , ,짜장면
 , ,마라도
 , ,마라도
 , ,짜장면
 , ,여행
 , ,스타
 , ,그램
 , ,대한민국
 , ,최
 , ,남단
 , ,마라도
 , ,바
 , ,바람
 , ,감성
 , ,힐링
 , ,아웃도어
 , ,아웃도어
 , ,라이프
 , ,캠핑
 , ,캠핑
 , ,스타
 , ,도마
 , ,여행
 , ,겨울
 , ,여행
 , ,가을
 , ,여행
 , ,여행
 , ,스타
 , ,그램
 , ,오늘
 , ,소통
 , ,선팔
 , ,맞팔
 , ,데
 , ,일리
 , ,소통
 , ,감성
 , ,스타
 , ,그램
 , ,인생
 , ,아날로그
 , ,여행
 , ,스타
 , ,그램
 , ,제주
 , ,가면
 , ,돼지
 , ,제주도
 , ,여행
 , ,돼지
 , ,제주
 , ,돼지
 , ,맛스타
 , ,그램
 , ,스타
 , ,그램
 , ,제주
 , ,소주
 , ,제주
 , ,맛집
 , ,중문
 , ,돈
 , ,돼지
 , ,맛집
 , ,먹방
 , ,먹방
 , ,여행
 , ,제주
 , ,여행
 , ,오늘
 , ,뭐
 , ,힐링
 , ,낚시
 , ,나
 , ,발걸음
 , ,취미
 , ,스타
 , ,그램
 , ,낚시
 , ,낚시
 , ,스타
 , ,그램
 , ,제주
 , ,여행
 , ,제주도
 , ,바다낚시
 , ,원투
 , ,취미
 , ,오늘
 , ,데
 , ,일리
 , ,손맛
 , ,다금바리
 , ,주바
 , ,제주
 , ,힐링
 , ,모슬포항
 , ,낚시
 , ,스타
 , ,그램
 , ,배
 , ,낚시
 , ,체험
 , ,시간
 , ,쥐치
 , ,로
 , ,살짝
 , ,쿵
 , ,손맛
 , ,차귀도
 , ,차귀도
 , ,배
 , ,낚시
 , ,제주
 , ,낚시
 , ,바다낚시
 , ,제주
 , ,여행
 , ,제주도
 , ,낚시
 , ,아웃도어
 , ,아웃도어
 , ,라이프
 , ,오늘
 , ,소통
 , ,수요일
 , ,휴가
 , ,바다
 , ,여행
 , ,겨울
 , ,바다
 , ,힐링
 , ,맛스타
 , ,그램
 , ,살이
 , ,오른
 , ,통영
 , ,가리비
 , ,가리비
 , ,찜
 , ,사케
 , ,한잔
 , ,계절
 , ,내
 , ,마음
 , ,스타
 , ,그램
 , ,해산물
 , ,파티
 , ,해산물
 , ,조개찜
 , ,일상
 , ,스타
 , ,그램
 , ,조개
 , ,가리비
 , ,통영
 , ,오제
 , ,끼
 , ,스모
 , ,사케
 , ,일본
 , ,사케
 , ,겨울
 , ,겨울
 , ,안주
 , ,홈술
 , ,오늘
 , ,소통
 , ,데
 , ,일리
 , ,선팔
 , ,맞팔
 , ,여행
 , ,스타
 , ,그램
 , ,낚시
 , ,그로
 , ,힐링
 , ,제주
 , ,취미
 , ,스타
 , ,그램
 , ,낚시
 , ,스타
 , ,그램
 , ,제주도
 , ,제주
 , ,여행
 , ,여행
 , ,주바
 , ,제주
 , ,낚시
 , ,취미
 , ,휴가
 , ,차귀도
 , ,제주
 , ,배
 , ,낚시
 , ,배
 , ,낚시
 , ,고등어
 , ,제주
 , ,힐링
 , ,줄
 , ,안녕
 , ,항상
 , ,출항
 , ,일출
 , ,볼때
 , ,가장
 , ,내일
 , ,출항
 , ,예정
 , ,이번
 , ,교체
 , ,베이
 , ,트릴
 , ,싹
 , ,낚시
 , ,스타
 , ,그램
 , ,낚시
 , ,조업
 , ,쭈꾸미
 , ,낚시
 , ,주꾸미
 , ,낚시
 , ,갑오징어
 , ,낚시
 , ,선상
 , ,낚시
 , ,일출
 , ,서해
 , ,낚시
 , ,배
 , ,낚시
 , ,아웃도어
 , ,데
 , ,일리
 , ,일상
 , ,선팔
 , ,맞팔
 , ,인친
 , ,환영
 , ,소통
 , ,줄
 , ,안녕
 , ,나
 , ,감성
 , ,자극
 , ,아베
 , ,키
 , ,머그
 , ,세트
 , ,아베
 , ,키
 , ,티타늄
 , ,머그
 , ,머그컵
 , ,도
 , ,뚜껑
 , ,순도
 , ,최고급
 , ,티타늄
 , ,컵
 , ,세트
 , ,출시
 , ,예정
 , ,앞서
 , ,체험
 , ,모집
 , ,홍보
 , ,이벤트
 , ,세트
 , ,진행
 , ,이벤트
 , ,내용
 , ,해당
 , ,포스팅
 , ,리
 , ,포스트
 , ,공유
 , ,팔로우
 , ,해주시
 , ,댓글
 , ,명
 , ,선정
 , ,택배
 , ,발송
 , ,선정
 , ,신분
 , ,아베
 , ,키
 , ,티타늄
 , ,머그
 , ,세트
 , ,실
 , ,사용
 , ,사진
 , ,장
 , ,이상
 , ,포스팅
 , ,해주시
 , ,캠핑
 , ,패킹
 , ,캠퍼
 , ,패
 , ,등산
 , ,비박
 , ,등반
 , ,산행
 , ,산
 , ,스타
 , ,그램
 , ,트레킹
 , ,줄
 , ,안녕
 , ,바닷
 , ,바람
 , ,파도
 , ,소리
 , ,인생
 , ,낚
 , ,속초
 , ,바다
 , ,취미
 , ,스타
 , ,그램
 , ,낚시
 , ,스타
 , ,그램
 , ,아웃도어
 , ,아웃도어
 , ,라이프
 , ,낚시
 , ,원투
 , ,낚시
 , ,주말
 , ,외옹치항
 , ,줄
 , ,안녕
 , ,계곡
 , ,물
 , ,소리
 , ,글
 , ,글
 , ,삼겹살
 , ,점
 , ,명
 , ,나물
 , ,꿀맛
 , ,존맛
 , ,그
 , ,시간
 , ,캠핑
 , ,스타
 , ,그램
 , ,캠핑
 , ,캠핑
 , ,요리
 , ,캠핑
 , ,메뉴
 , ,삼겹살
 , ,소주
 , ,한잔
 , ,오늘
 , ,뭐
 , ,아웃도어
 , ,아웃도어
 , ,라이프
 , ,소통
 , ,취미
 , ,감성
 , ,캠핑
 , ,자우림
 , ,캠핑장
 , ,계곡
 , ,여름
 , ,안녕
 , ,줄
 , ,안녕
 , ,올해
 , ,마지막
 , ,물놀이
 , ,지난
 , ,주말
 , ,에메랄드
 , ,빛
 , ,계곡
 , ,저녁
 , ,제법
 , ,여름
 , ,안녕
 , ,캠핑
 , ,스타
 , ,그램
 , ,캠핑
 , ,계곡
 , ,자우림
 , ,캠핑장
 , ,아웃도어
 , ,아웃도어
 , ,라이프
 , ,취미
 , ,스타
 , ,그램
 , ,물놀이
 , ,가평
 , ,가평
 , ,계곡
 , ,명지산
 , ,줄
 , ,안녕
 , ,맥주
 , ,질소
 , ,거품
 , ,이제
 , ,맥주
 , ,똑
 , ,부분
 , ,정말
 , ,평상시
 , ,배정남
 , ,동영상
 , ,더욱더
 , ,정감
 , ,맥주
 , ,종종
 , ,맥주
 , ,나
 , ,로써
 , ,기네스
 , ,맥주
 , ,오늘
 , ,너
 , ,정
 , ,기네스
 , ,맥주
 , ,배정남
 , ,배정남
 , ,맥주
 , ,수입
 , ,맥주
 , ,질소
 , ,거품
 , ,징
 , ,기네스
 , ,맥주
 , ,줄
 , ,안녕
 , ,요즘
 , ,핫
 , ,콜라
 , ,내일
 , ,광복절
 , ,막판
 , ,더위
 , ,선사
 , ,콜라
 , ,날
 , ,리장
 , ,레드
 , ,콜라
 , ,탄산음료
 , ,맛스타
 , ,그램
 , ,양띵
 , ,콜라
 , ,옐로우
 , ,콜라
 , ,광복절
 , ,콜라
 , ,음료
 , ,세븐일레븐
 , ,편의점
 , ,음료
 , ,체리
 , ,콕
 , ,콜라
 , ,사이다
 , ,탄산
 , ,스타
 , ,그램
 , ,캠핑
 , ,음료
 , ,캠핑
 , ,아웃도어
 , ,캠핑
 , ,스타
 , ,그램
 , ,줄
 , ,유니
 , ,공수
 , ,막창
 , ,진짜
 , ,완전
 , ,소스
 , ,더
 , ,더욱
 , ,꿀맛
 , ,캠핑
 , ,캠핑
 , ,스타
 , ,그램
 , ,캠
 , ,스타
 , ,그램
 , ,캠핑
 , ,그램
 , ,맛스타
 , ,그램
 , ,맛
 , ,그램
 , ,막창
 , ,막창구이
 , ,맛집
 , ,맛집
 , ,스타
 , ,그램
 , ,아웃도어
 , ,아웃도어
 , ,라이프
 , ,데
 , ,일리
 , ,일상
 , ,선팔
 , ,맞팔
 , ,인친
 , ,소통
 , ,줄
 , ,안녕
 , ,여름
 , ,계곡
 , ,주말
 , ,포천
 , ,계곡
 , ,무
 , ,위
 , ,곳
 , ,지상
 , ,낙원
 , ,캠핑
 , ,캠핑
 , ,스타
 , ,그램
 , ,계곡
 , ,캠핑
 , ,여름
 , ,바캉스
 , ,여름
 , ,휴가
 , ,물놀이
 , ,데
 , ,일리
 , ,일상
 , ,선팔
 , ,맞팔
 , ,인친
 , ,소통
 , ,줄
 , ,캠핑
 , ,뱃살
 , ,식단
 , ,조절
 , ,다시
 , ,빼기
 , ,진짜
 , ,조절
 , ,살길
 , ,듯
 , ,일요일
 , ,저녁
 , ,위드
 , ,렌즈
 , ,오늘
 , ,렌즈
 , ,샐러드
 , ,다이어트
 , ,도시락
 , ,위드
 , ,렌즈
 , ,다이어트식단
 , ,다이어트
 , ,도시락
 , ,다이어트
 , ,일기
 , ,샐러드
 , ,샐러드
 , ,배달
 , ,샐러드
 , ,도시락
 , ,닭
 , ,가슴
 , ,살
 , ,줄
 , ,안녕
 , ,작년
 , ,제주
 , ,올해
 , ,여름
 , ,휴가
 , ,여행
 , ,계획
 , ,중
 , ,항상
 , ,여행가
 , ,항공권
 , ,시작
 , ,숙박
 , ,렌트카
 , ,테마
 , ,파크
 , ,입장권
 , ,배
 , ,낚시
 , ,체험
 , ,레저
 , ,일일이
 , ,여행
 , ,상품
 , ,게
 , ,티몬
 , ,투어
 , ,방
 , ,뚝딱
 , ,해결
 , ,지금
 , ,진행중
 , ,할인
 , ,폭격
 , ,항공권
 , ,최저
 , ,가로
 , ,득템
 , ,성공
 , ,티몬
 , ,투어
 , ,덕분
 , ,여름
 , ,휴가
 , ,준비
 , ,수
 , ,티몬
 , ,티몬
 , ,투어
 , ,여행
 , ,할인
 , ,여름
 , ,휴가
 , ,여행지
 , ,추천
 , ,여행
 , ,프로모션
 , ,비행기표
 , ,가격
 , ,비교
 , ,비행기표
 , ,호텔
 , ,예약
 , ,펜션
 , ,예약
 , ,숙소
 , ,예약
 , ,여행
 , ,꿀팁
 , ,티몬
 , ,여행
 , ,바캉스
 , ,해외여행
 , ,국내
 , ,여행
 , ,신혼여행
 , ,여행
 , ,여행
 , ,뚝딱
 , ,여행
 , ,여행
 , ,계획
 , ,항공권
 , ,가격
 , ,비교
 , ,여행
 , ,준비
 , ,티몬
 , ,광고
 , ,여행
 , ,광고
 , ,줄
 , ,안녕
 , ,오늘
 , ,점심
 , ,짜장면
 , ,부
 , ,탕슉
 , ,맛있넹
 , ,확
 , ,레알
 , ,김치
 , ,맛
 , ,더욱더
 , ,톡
 , ,맛스타
 , ,그램
 , ,맛
 , ,그램
 , ,김치
 , ,포기
 , ,김치
 , ,백김치
 , ,뚜기
 , ,점심
 , ,중화요리
 , ,데
 , ,일리
 , ,일상
 , ,선팔
 , ,맞팔
 , ,인친
 , ,소통
 , ,줄
 , ,안녕
 , ,요즘
 , ,아침
 , ,시작
 , ,영양소
 , ,셀러
 , ,드
 , ,하루
 , ,몸
 , ,느낌
 , ,위드
 , ,렌즈
 , ,오늘
 , ,렌즈
 , ,샐러드
 , ,다이어트
 , ,도시락
 , ,위드
 , ,렌즈
 , ,다이어트식단
 , ,다이어트
 , ,도시락
 , ,다이어트
 , ,일기
 , ,샐러드
 , ,샐러드
 , ,배달
 , ,샐러드
 , ,도시락
 , ,닭
 , ,가슴
 , ,살
 , ,줄
 , ,안녕
 , ,날
 , ,삼겹
 , ,이징
 , ,삼겹
 , ,갈비
 , ,삼겹살
 , ,소주
 , ,똭
 , ,기분
 , ,맛스타
 , ,그램
 , ,맛
 , ,그램
 , ,그램
 , ,스타
 , ,그램
 , ,삼겹살
 , ,저녁
 , ,회식
 , ,비
 , ,날
 , ,장마
 , ,데
 , ,일리
 , ,일상
 , ,선팔
 , ,맞팔
 , ,인친
 , ,환영
 , ,소통
 , ,줄
 , ,안녕
 , ,항상
 , ,캠핑
 , ,후
 , ,빨래
 , ,때문
 , ,스트레스
 , ,이번
 , ,선물
 , ,세제
 , ,고민
 , ,해결
 , ,향
 , ,세척
 , ,정말
 , ,만족
 , ,르주르
 , ,세제
 , ,농축
 , ,세제
 , ,프리미엄
 , ,세제
 , ,세탁
 , ,세제
 , ,세제
 , ,데
 , ,일리
 , ,일상
 , ,선팔
 , ,맞팔
 , ,인친
 , ,소통
 , ,줄
 , ,안녕
 , ,요즘
 , ,핫
 , ,친환경
 , ,세제
 , ,데
 , ,여름
 , ,옷
 , ,더욱더
 , ,자주
 , ,세탁
 , ,세제
 , ,세제
 , ,믿음
 , ,여름
 , ,몽디
 , ,에스
 , ,세제
 , ,홈스
 , ,그램
 , ,몽디
 , ,에스
 , ,기세
 , ,제천
 , ,연세
 , ,유아
 , ,세제
 , ,친환경
 , ,세제
 , ,섬유
 , ,유연제
 , ,세제
 , ,유연제
 , ,세탁
 , ,세제
 , ,프리미엄
 , ,세제
 , ,해양심층수
 , ,집들이
 , ,선물
 , ,추천
 , ,신생아
 , ,세제
 , ,아기
 , ,섬유
 , ,유연제
 , ,아기
 , ,세제
 , ,추천
 , ,세제
 , ,추천
 , ,새댁
 , ,일상
 , ,국민
 , ,제육
 , ,몽디
 , ,에스
 , ,농축
 , ,줄
 , ,캠핑
 , ,사람
 , ,힐링
 , ,시간
 , ,뱃살
 , ,킬링
 , ,순
 , ,음식
 , ,포
 , ,라인
 , ,과
 , ,캠핑
 , ,스타
 , ,그램
 , ,캠핑
 , ,메뉴
 , ,캠핑
 , ,음식
 , ,감성
 , ,캠핑
 , ,아웃도어
 , ,아웃도어
 , ,라이프
 , ,유유제약
 , ,독일
 , ,다이어트
 , ,재벌
 , ,다이어트
 , ,건강
 , ,키토산
 , ,유유
 , ,마켓
 , ,포
 , ,라인
 , ,복부
 , ,다이어트
 , ,운동
 , ,체지방
 , ,감소
 , ,체지방
 , ,인바디
 , ,다이어트
 , ,그램
 , ,줄
 , ,안녕
 , ,진짜
 , ,바다
 , ,세상
 , ,다가
 , ,진
 , ,느낌
 , ,물고기
 , ,말궁
 , ,낚시
 , ,낚시
 , ,스타
 , ,그램
 , ,바다낚시
 , ,원투
 , ,낚시
 , ,서해
 , ,서해
 , ,낚시
 , ,태안
 , ,낚시
 , ,캠핑
 , ,캠핑
 , ,스타
 , ,그램
 , ,아웃도어
 , ,라이프
 , ,아웃도어
 , ,데
 , ,일리
 , ,일상
 , ,선팔
 , ,맞팔
 , ,인친
 , ,환영
 , ,소통
 , ,줄
 , ,안녕
 , ,내
 , ,서해
 , ,자주
 , ,이유
 , ,모습
 , ,때문
 , ,하루
 , ,모습
 , ,캠핑
 , ,매력
 , ,휩
 , ,캠핑
 , ,캠핑
 , ,스타
 , ,그램
 , ,캠
 , ,스타
 , ,그램
 , ,캠핑
 , ,그램
 , ,서해
 , ,캠핑
 , ,서해
 , ,낙
 , ,서해
 , ,일몰
 , ,태안
 , ,캠핑
 , ,아웃도어
 , ,라이프
 , ,아웃도어
 , ,데
 , ,일리
 , ,일상
 , ,스타
 , ,그램
 , ,선팔
 , ,맞팔
 , ,인친
 , ,환영
 , ,소통
 , ,줄
 , ,안녕
 , ,살
 , ,살
 , ,나이
 , ,자주
 , ,양제
 , ,때
 , ,마다
 , ,타이밍
 , ,이건
 , ,정표
 , ,거기
 , ,우리
 , ,몸
 , ,필수
 , ,요소
 , ,미네랄
 , ,건강
 , ,스타
 , ,그램
 , ,일상
 , ,스타
 , ,그램
 , ,퀴진드꾸티
 , ,면역
 , ,건강
 , ,양제
 , ,멀티
 , ,비타민
 , ,비타민
 , ,양제
 , ,선팔
 , ,맞팔
 , ,인친
 , ,환영
 , ,소통
 , ,줄
 , ,안녕
 , ,태안
 , ,곳
 , ,주말
 , ,정말
 , ,산보
 , ,바다
 , ,해무
 , ,정말
 , ,곳
 , ,낚시
 , ,낚시
 , ,스타
 , ,그램
 , ,낚시
 , ,그램
 , ,원투
 , ,낚시
 , ,바다낚시
 , ,해무
 , ,아웃도어
 , ,아웃도어
 , ,라이프
 , ,데
 , ,일리
 , ,일상
 , ,선팔
 , ,맞팔
 , ,인친
 , ,환영
 , ,소통
 , ,줄
 , ,안녕
 , ,요즘
 , ,캠핑
 , ,랜턴
 , ,뭔가
 , ,나
 , ,감성
 , ,더
 , ,충족
 , ,페트
 , ,막스
 , ,랜턴
 , ,불빛
 , ,캠핑
 , ,캠핑
 , ,스타
 , ,그램
 , ,캠
 , ,스타
 , ,그램
 , ,캠핑
 , ,그램
 , ,감성
 , ,캠핑
 , ,캠핑
 , ,랜턴
 , ,오일
 , ,랜턴
 , ,아웃도어
 , ,아웃도어
 , ,라이프
 , ,데
 , ,일리
 , ,일상
 , ,선팔
 , ,맞팔
 , ,인친
 , ,환영
 , ,소통
 , ,줄
 , ,안녕
 , ,여유
 , ,일상
 , ,힐링
 , ,찾기
 , ,날씨
 , ,마음
 , ,캠핑
 , ,캠핑
 , ,스타
 , ,그램
 , ,캠
 , ,스타
 , ,그램
 , ,캠핑
 , ,그램
 , ,감성
 , ,캠핑
 , ,로주
 , ,캠핑장
 , ,잔디
 , ,캠핑장
 , ,아웃도어
 , ,라이프
 , ,아웃도어
 , ,피치
 , ,오리진
 , ,데
 , ,일리
 , ,일상
 , ,선팔
 , ,맞팔
 , ,인친
 , ,환영
 , ,소통
 , ,줄
 , ,안녕
 , ,이제
 , ,정말
 , ,여름
 , ,더
 , ,이상
 , ,기전
 , ,잔디
 , ,로주
 , ,캠핑장
 , ,파리
 , ,때
 , ,좀
 , ,만하
 , ,캠핑
 , ,캠핑
 , ,스타
 , ,그램
 , ,캠핑
 , ,그램
 , ,캠
 , ,스타
 , ,그램
 , ,감성
 , ,캠핑
 , ,피치
 , ,오리진
 , ,피치
 , ,오리진
 , ,프
 , ,로주
 , ,잔디
 , ,캠핑장
 , ,아웃도어
 , ,라이프
 , ,아웃도어
 , ,데
 , ,일리
 , ,일상
 , ,스타
 , ,그램
 , ,선팔
 , ,맞팔
 , ,인친
 , ,환영
 , ,소통
 , ,줄
 , ,안녕
 , ,서해
 , ,낙
 , ,언제
 , ,갈매기
 , ,어디
 , ,혼자
 , ,길
 , ,낙
 , ,조가
 , ,컷
 , ,갈매기
 , ,엑스트라
 , ,서해
 , ,서해
 , ,낙
 , ,왕리
 , ,갈매기
 , ,여행
 , ,스타
 , ,그램
 , ,여행
 , ,아웃도어
 , ,라이프
 , ,아웃도어
 , ,데
 , ,일리
 , ,일상
 , ,선팔
 , ,맞팔
 , ,인친
 , ,환영
 , ,소통
 , ,줄
 , ,안녕
 , ,날씨
 , ,몸
 , ,보신
 , ,좀
 , ,먹기
 , ,조개찜
 , ,스태미너
 , ,보충
 , ,맛스타
 , ,그램
 , ,맛
 , ,그램
 , ,먹방
 , ,먹방
 , ,스타
 , ,그램
 , ,맛집
 , ,맛집
 , ,추천
 , ,해산물
 , ,조개찜
 , ,해산물
 , ,맛집
 , ,데
 , ,일리
 , ,일상
 , ,선팔
 , ,맞팔
 , ,인친
 , ,환영
 , ,소통
 , ,줄
 , ,안녕
 , ,한주
 , ,혼자
 , ,친구
 , ,바다
 , ,커피숍
 , ,커피한잔
 , ,조탕
 , ,여행
 , ,스타
 , ,그램
 , ,여행
 , ,왕리
 , ,커피
 , ,아이스
 , ,아메리카노
 , ,데
 , ,일리
 , ,일상
 , ,선팔
 , ,맞팔
 , ,인친
 , ,환영
 , ,소통
 , ,줄
 , ,안녕
 , ,바람
 , ,물
 , ,색도
 , ,별로
 , ,바람
 , ,나오니
 , ,낚시
 , ,낚시
 , ,스타
 , ,그램
 , ,낚시
 , ,그램
 , ,취미
 , ,스타
 , ,그램
 , ,아웃도어
 , ,라이프
 , ,아웃도어
 , ,삼목선착장
 , ,데
 , ,일리
 , ,일상
 , ,스타
 , ,그램
 , ,선팔
 , ,맞팔
 , ,인친
 , ,환영
 , ,소통
 , ,줄
 , ,안녕
 , ,물고기
 , ,철조망
 , ,사이
 , ,인생
 , ,낚
 , ,중
 , ,물고기
 , ,그냥
 , ,멍하니
 , ,낚시
 , ,다시
 , ,낚시
 , ,낚시
 , ,스타
 , ,그램
 , ,낚시
 , ,그램
 , ,바다낚시
 , ,취미
 , ,스타
 , ,그램
 , ,아웃도어
 , ,라이프
 , ,데
 , ,일리
 , ,일상
 , ,스타
 , ,그램
 , ,선팔
 , ,맞팔
 , ,인친
 , ,환영
 , ,소통
 , ,줄
 , ,안녕
 , ,비
 , ,때
 , ,역시
 , ,빗
 , ,소리
 , ,치맥
 , ,한잔
 , ,치맥
 , ,진리
 , ,듯
 , ,이번
 , ,호
 , ,치킨
 , ,불끈
 , ,정말
 , ,진짜
 , ,왜
 , ,자꾸
 , ,손
 , ,내
 , ,호
 , ,치킨
 , ,호
 , ,원점
 , ,상계동
 , ,맛집
 , ,호
 , ,치킨
 , ,메뉴
 , ,불끈
 , ,맛스타
 , ,그램
 , ,맛집
 , ,치킨
 , ,치맥
 , ,줄
 , ,안녕
 , ,고어텍스
 , ,아이슬란드
 , ,라이트
 , ,페인
 , ,팅
 , ,여행
 , ,장시간
 , ,노출
 , ,사진
 , ,촬영
 , ,기술
 , ,사용
 , ,어둠
 , ,속
 , ,촬영
 , ,사후
 , ,작업
 , ,매우
 , ,빛
 , ,흔적
 , ,그릴
 , ,수
 , ,기회
 , ,고어텍스
 , ,이
 , ,여행
 , ,모든
 , ,것
 , ,지원
 , ,대요
 , ,지금
 , ,바로
 , ,고어텍스
 , ,홈페이지
 , ,신청
 , ,나볼
 , ,수
 , ,고어텍스
 , ,뮤직페스티벌
 , ,라이트
 , ,페인
 , ,팅
 , ,아웃도어
 , ,사진
 , ,줄
 , ,안녕
 , ,간만
 , ,서해
 , ,바다
 , ,캠핑
 , ,이번
 , ,피치
 , ,오리진
 , ,출시
 , ,티피
 , ,프
 , ,정말
 , ,감성
 , ,끝판
 , ,면
 , ,텐트
 , ,통풍
 , ,디자인
 , ,또한
 , ,클래식
 , ,느낌
 , ,옆
 , ,피치
 , ,오리진
 , ,티피
 , ,텐트
 , ,어깨
 , ,하니
 , ,감성
 , ,굿굿
 , ,캠핑
 , ,캠핑
 , ,스타
 , ,그램
 , ,캠
 , ,스타
 , ,그램
 , ,캠핑
 , ,그램
 , ,감성
 , ,캠핑
 , ,주말
 , ,캠핑
 , ,오토
 , ,캠핑
 , ,캠핑
 , ,라이프
 , ,티피
 , ,텐트
 , ,커플
 , ,캠핑
 , ,야자수
 , ,마을
 , ,캠핑장
 , ,아웃도어
 , ,라이프
 , ,아웃도어
 , ,데
 , ,일리
 , ,일상
 , ,선팔
 , ,맞팔
 , ,인친
 , ,환영
 , ,소통
 , ,줄
 , ,안녕
 , ,이번
 , ,캠핑
 , ,퀘차
 , ,막
 , ,텐트
 , ,에어
 , ,텐트
 , ,설치
 , ,운반
 , ,보
 , ,관할
 , ,때
 , ,컴팩트
 , ,사이즈
 , ,막
 , ,기능
 , ,빛
 , ,차단
 , ,및
 , ,열
 , ,차단
 , ,사이즈
 , ,구성
 , ,및
 , ,통
 , ,기성
 , ,함
 , ,데카
 , ,트론
 , ,퀘차
 , ,공기
 , ,주입
 , ,텐트
 , ,막
 , ,텐트
 , ,캠핑
 , ,에어
 , ,텐트
 , ,캠핑
 , ,스타
 , ,그램
 , ,아웃도어
 , ,아웃도어
 , ,라이프
 , ,취미
 , ,스타
 , ,그램
 , ,캠핑
 , ,커플
 , ,주말
 , ,줄
 , ,안녕
 , ,여기
 , ,캠핑장
 , ,야시장
 , ,과
 , ,캠핑
 , ,파티
 , ,사람
 , ,더욱
 , ,캠핑
 , ,캠핑
 , ,스타
 , ,그램
 , ,캠
 , ,스타
 , ,그램
 , ,캠핑
 , ,그램
 , ,감성
 , ,캠핑
 , ,커플
 , ,캠핑
 , ,낭만
 , ,캠핑
 , ,감성
 , ,전구
 , ,아웃도어
 , ,라이프
 , ,아웃도어
 , ,데
 , ,일리
 , ,일상
 , ,스타
 , ,그램
 , ,취미
 , ,스타
 , ,그램
 , ,선팔
 , ,맞팔
 , ,인친
 , ,환영
 , ,소통
 , ,줄
 , ,안녕
 , ,클라우드
 , ,주년
 , ,기념
 , ,잠실
 , ,롯데
 , ,월드
 , ,설현
 , ,팬사인회
 , ,설현
 , ,보고
 , ,행사
 , ,참가
 , ,오늘
 , ,운
 , ,평상시
 , ,향
 , ,클라우드
 , ,맥주
 , ,최고
 , ,클라우드
 , ,클라우드
 , ,모먼트
 , ,설현
 , ,팬사인회
 , ,맥주
 , ,스타
 , ,그램
 , ,술
 , ,스타
 , ,그램
 , ,줄
 , ,안녕
 , ,고어텍스
 , ,영국
 , ,뮤직페스티벌
 , ,고어텍스
 , ,이
 , ,여행
 , ,모든
 , ,것
 , ,지원
 , ,대요
 , ,지금
 , ,바로
 , ,고어텍스
 , ,홈페이지
 , ,신청
 , ,나볼
 , ,수
 , ,고어텍스
 , ,뮤직페스티벌
 , ,라이트
 , ,페인
 , ,팅
 , ,아웃도어
 , ,사진
 , ,줄
 , ,안녕
 , ,지난번
 , ,남해
 , ,여행
 , ,랭
 , ,마을
 , ,항공
 , ,촬영
 , ,원본
 , ,화질
 , ,쉣
 , ,정말
 , ,마을
 , ,듯
 , ,남해
 , ,여행
 , ,남해
 , ,투어
 , ,랭
 , ,마을
 , ,남해
 , ,바다
 , ,항공
 , ,촬영
 , ,드론
 , ,드론
 , ,촬영
 , ,취미
 , ,스타
 , ,그램
 , ,데
 , ,일리
 , ,일상
 , ,선팔
 , ,맞팔
 , ,인친
 , ,환영
 , ,소통
 , ,줄
 , ,안녕
 , ,펠리칸
 , ,총사
 , ,너희
 , ,여름
 , ,캠핑
 , ,캠핑
 , ,스타
 , ,그램
 , ,캠
 , ,스타
 , ,그램
 , ,캠핑
 , ,그램
 , ,아이스박스
 , ,아이스
 , ,쿨러
 , ,감성
 , ,캠핑
 , ,아웃도어
 , ,라이프
 , ,아웃도어
 , ,펠리칸
 , ,쿨러
 , ,데
 , ,일리
 , ,일상
 , ,스타
 , ,그램
 , ,선팔
 , ,맞팔
 , ,인친
 , ,환영
 , ,소통
 , ,줄
 , ,안녕
 , ,고어텍스
 , ,여행
 , ,것
 , ,지원
 , ,아이슬란드
 , ,라이트
 , ,페인
 , ,팅
 , ,영국
 , ,뮤직
 , ,페스티벌
 , ,스코틀랜드
 , ,사진
 , ,촬영
 , ,고어텍스
 , ,홈페이지
 , ,이벤트
 , ,응모
 , ,여행
 , ,나볼
 , ,수
 , ,고어텍스
 , ,뮤직페스티벌
 , ,라이트
 , ,페인
 , ,팅
 , ,아웃도어
 , ,사진
 , ,줄
 , ,안녕
 , ,잣나무
 , ,숲
 , ,감성
 , ,캠핑
 , ,캠핑
 , ,캠핑
 , ,스타
 , ,그램
 , ,캠핑
 , ,그램
 , ,캠
 , ,스타
 , ,그램
 , ,감성
 , ,캠핑
 , ,핑크
 , ,감성
 , ,플라밍고
 , ,움
 , ,미니
 , ,아웃도어
 , ,아웃도어
 , ,라이프
 , ,데
 , ,일리
 , ,일상
 , ,스타
 , ,그램
 , ,선팔
 , ,맞팔
 , ,인친
 , ,환영
 , ,소통
 , ,줄
 , ,안녕
 , ,느낌
 , ,사진
 , ,한장
 , ,지난
 , ,연휴
 , ,남해
 , ,은
 , ,모래
 , ,비치
 , ,사이트
 , ,난민
 , ,촌
 , ,우린
 , ,속
 , ,감성
 , ,캠핑
 , ,캠핑
 , ,스타
 , ,그램
 , ,캠
 , ,스타
 , ,그램
 , ,캠핑
 , ,그램
 , ,감성
 , ,캠핑
 , ,커플
 , ,캠핑
 , ,남해
 , ,여행
 , ,남해
 , ,투어
 , ,아웃도어
 , ,라이프
 , ,아웃도어
 , ,데
 , ,일리
 , ,일상
 , ,스타
 , ,그램
 , ,선팔
 , ,맞팔
 , ,인친
 , ,환영
 , ,소통
 , ,줄
 , ,안녕
 , ,곳
 , ,낚시
 , ,취미
 , ,가지
 , ,서로
 , ,행복
 , ,항상
 , ,사랑
 , ,여수
 , ,여행
 , ,국동항
 , ,변
 , ,공원
 , ,여행
 , ,스타
 , ,그램
 , ,낚시
 , ,낚시
 , ,스타
 , ,그램
 , ,낚시
 , ,그램
 , ,럽
 , ,스타
 , ,그램
 , ,달달
 , ,스타
 , ,그램
 , ,원투
 , ,낚시
 , ,아웃도어
 , ,라이프
 , ,데
 , ,일리
 , ,일상
 , ,스타
 , ,그램
 , ,선팔
 , ,맞팔
 , ,인친
 , ,환영
 , ,소통
 , ,줄
 , ,안녕
 , ,지난
 , ,연휴
 , ,남해
 , ,다랭
 , ,마을
 , ,사람
 , ,때
 , ,한번
 , ,더
 , ,곳
 , ,남해
 , ,투어
 , ,남해
 , ,여행
 , ,남해
 , ,랭
 , ,마을
 , ,여행
 , ,스타
 , ,그램
 , ,바다
 , ,여행
 , ,드론
 , ,드론
 , ,촬영
 , ,항공
 , ,촬영
 , ,아웃도어
 , ,아웃도어
 , ,라이프
 , ,데
 , ,일리
 , ,일상
 , ,선팔
 , ,맞팔
 , ,인친
 , ,환영
 , ,소통
 , ,줄
 , ,안녕
 , ,황금
 , ,휴가
 , ,남해
 , ,바다색
 , ,기억
 , ,남
 , ,곳
 , ,남해
 , ,여행
 , ,남해
 , ,투어
 , ,남해
 , ,남해
 , ,바다
 , ,남해
 , ,낚시
 , ,랭
 , ,마을
 , ,아웃도어
 , ,라이프
 , ,아웃도어
 , ,여행
 , ,스타
 , ,그램
 , ,여행
 , ,데
 , ,일리
 , ,일상
 , ,선팔
 , ,맞팔
 , ,인친
 , ,환영
 , ,소통
 , ,줄
 , ,안녕
 , ,남해
 , ,투어
 , ,랭
 , ,마을
 , ,컷
 , ,날씨
 , ,바다
 , ,사람
 , ,남해
 , ,여행
 , ,남해
 , ,남해
 , ,투어
 , ,랭
 , ,마을
 , ,아웃도어
 , ,라이프
 , ,데
 , ,일리
 , ,일상
 , ,스타
 , ,그램
 , ,선팔
 , ,맞팔
 , ,인친
 , ,환영
 , ,소통
 , ,줄
 , ,안녕
 , ,남해
 , ,여행
 , ,사전투표
 , ,완료
 , ,조그만
 , ,읍내
 , ,할머니
 , ,할아버지
 , ,틈새
 , ,투표
 , ,율도
 , ,누가
 , ,나라
 , ,더욱더
 , ,투표
 , ,투표
 , ,인증
 , ,남해
 , ,여행
 , ,여행
 , ,대선
 , ,선거
 , ,데
 , ,일리
 , ,일상
 , ,선팔
 , ,맞팔
 , ,인친
 , ,환영
 , ,소통
 , ,줄
 , ,안녕
 , ,낚시
 , ,경품
 , ,당첨
 , ,고티카
 , ,콜드
 , ,브루
 , ,한정판
 , ,커피
 , ,향
 , ,정말
 , ,쵝오
 , ,고티카
 , ,콜드
 , ,고티카
 , ,콜드
 , ,브루
 , ,조지아
 , ,커피
 , ,콜드
 , ,브루
 , ,향
