아이디,PK,단어
hantograph,1561509191,517
 , ,알
 , ,수
 , ,알
 , ,필요
 , ,요즘
 , ,머리
 , ,아이유
 , ,호텔
 , ,델
 , ,루나
 , ,베이비
 , ,치노
 , ,남자
 , ,코
 , ,안
 , ,말
 , ,은
 , ,선
 , ,온통
 , ,앤
 , ,이번
 , ,여름
 , ,드로잉
 , ,스케치
 , ,그림
 , ,프리즈
 , ,마
 , ,색연필
 , ,일러스트
 , ,만이
 , ,드라마
 , ,주행
 , ,배타
 , ,임수정
 , ,검블유
 , ,첫사랑
 , ,에피톤
 , ,프로젝트
 , ,포도
 , ,알
 , ,주인
 , ,작업
 , ,전
 , ,마지막
 , ,미소
 , ,비
 , ,돌멩이
 , ,별로
 , ,그림
 , ,과제
 , ,각
 , ,밤샘
 , ,각
 , ,요즘
 , ,그림
 , ,그릴
 , ,시간
 , ,피부
 , ,표현
 , ,띵
 , ,친구
 , ,리치
 , ,미터
 , ,눈썹
 , ,언니
 , ,궤도
 , ,밖
 , ,저편
 , ,너머
 , ,뒤
 , ,메리
 , ,노랭
 , ,갑자기
 , ,분위기
 , ,블러셔
 , ,그림
 , ,드로잉
 , ,프리즈
 , ,마
 , ,색연필
 , ,일러스트
 , ,태연
 , ,노트북
 , ,위
 , ,내
 , ,팅구
 , ,올해
 , ,의미
 , ,일단
 , ,그림
 , ,졸업
 , ,내
 , ,누가
 , ,그림
 , ,갑자기
 , ,과제
 , ,용기
 , ,샘
 , ,달
 , ,만
 , ,주간
 , ,디
 , ,노마드
 , ,학교
 , ,수업
 , ,종강
 , ,제주
 , ,바이
 , ,쉬
 , ,독서
 , ,아이린
 , ,열
 , ,다섯
 , ,때
 , ,작가
 , ,메일
 , ,질문
 , ,꼭
 , ,그림
 , ,사람
 , ,다짐
 , ,내
 , ,메세지
 , ,확인
 , ,답장
 , ,마음
 , ,풀이
 , ,그
 , ,때문
 , ,친구
 , ,그림
 , ,대해
 , ,거나
 , ,고민
 , ,메세지
 , ,때
 , ,마음
 , ,더
 , ,그
 , ,중
 , ,친구
 , ,살이
 , ,연락
 , ,또
 , ,한번
 , ,열
 , ,살의
 , ,내
 , ,기분
 , ,상하
 , ,모두
 , ,그림
 , ,모든
 , ,사람
 , ,응원
 , ,사람
 , ,선교
 , ,한복
 , ,제니
 , ,제니
 , ,한복
 , ,드로잉
 , ,색연필
 , ,일러스트
 , ,디
 , ,노마드
 , ,학교
 , ,색연필
 , ,이용
 , ,인물
 , ,일러스트
 , ,클래스
 , ,오픈
 , ,색연필
 , ,재료
 , ,대해
 , ,색칠
 , ,수업
 , ,생각
 , ,그림
 , ,자신
 , ,분
 , ,노
 , ,프라
 , ,블럼
 , ,일정
 , ,휴강
 , ,목요일
 , ,총
 , ,회
 , ,장소
 , ,슈퍼
 , ,스타트
 , ,강남
 , ,정보
 , ,수강신청
 , ,디
 , ,노마드
 , ,홈페이지
 , ,은서
 , ,년
 , ,동안
 , ,휴학
 , ,수고
 , ,응원
 , ,정말
 , ,감사
 , ,모두
 , ,나
 , ,그
 , ,곳
 , ,서서
 , ,그대
 , ,사랑
 , ,이
 , ,계절
 , ,감
 , ,곳
 , ,하나님
 , ,영광
 , ,땅
 , ,하나님
 , ,사람
 , ,중
 , ,평화
 , ,하니
 , ,표지
 , ,일러스트
 , ,작업
 , ,시즌
 , ,그리팅
 , ,굿
 , ,다이어리
 , ,아침
 , ,택배
 , ,뿌듯
 , ,제작
 , ,팬페이지
 , ,맘때
 , ,하이라이트
 , ,양요섭
 , ,시즌
 , ,그리팅
 , ,딸
 , ,기
 , ,충
 , ,전
 , ,당진
 , ,뿌
 , ,태안
 , ,알
 , ,록
 , ,달
 , ,록
 , ,반
 , ,짝
 , ,반
 , ,짝
 , ,당진
 , ,일
 , ,수
 , ,기회
 , ,주시
 , ,자리
 , ,초대
 , ,승일
 , ,희망
 , ,재단
 , ,준비
 , ,의
 , ,판매
 , ,수익금
 , ,루게릭
 , ,요양
 , ,병원
 , ,건립
 , ,사용
 , ,기부
 , ,손길
 , ,보태
 , ,주시
 , ,정말
 , ,승일
 , ,희망
 , ,재단
 , ,위드
 , ,아이스
 , ,희망
 , ,색연필
 , ,만
 , ,연필
 , ,또
 , ,어깨
 , ,밤
 , ,디
 , ,노마드
 , ,이번
 , ,연말
 , ,페어
 , ,준비
 , ,소식
 , ,심장
 , ,쿵쾅
 , ,대타
 , ,못구
 , ,참가
 , ,보석
 , ,함
 , ,곳
 , ,굿즈들
 , ,다시
 , ,엽서
 , ,포스터
 , ,없어욤
 , ,문서
 , ,프로필
 , ,우리
 , ,윌리엄
 , ,채소
 , ,변비
 , ,양요섭
 , ,시즌
 , ,그리팅
 , ,굿
 , ,다이어리
 , ,팬페이지
 , ,맘때
 , ,양요섭
 , ,너
 , ,사랑
 , ,계절
 , ,드로잉
 , ,스케치
 , ,일러스트
 , ,색연필
 , ,프리즈
 , ,마
 , ,포니
 , ,그림
 , ,목
 , ,어깨
 , ,책상
 , ,쪽
 , ,안보
 , ,다가
 , ,만
 , ,카페
 , ,그림
 , ,료
 , ,역시
 , ,꿀잼
 , ,그림
 , ,린지
 , ,얼매
 , ,앤지
 , ,상품
 , ,론칭
 , ,이벤트
 , ,소개
 , ,아이스
 , ,버킷
 , ,린지
 , ,한창
 , ,일
 , ,무렵
 , ,각
 , ,분야
 , ,아티스트
 , ,사이
 , ,희망
 , ,릴레이
 , ,약
 , ,명의
 , ,참여자
 , ,중
 , ,명의
 , ,아티스트
 , ,개
 , ,그림
 , ,선물
 , ,아티스트
 , ,희망
 , ,여러분
 , ,희망이
 , ,기록
 , ,론칭
 , ,기념
 , ,할인
 , ,이벤트
 , ,다이어리
 , ,프로필
 , ,홈페이지
 , ,방문
 , ,카카오
 , ,톡
 , ,선물
 , ,구매
 , ,한정
 , ,수량
 , ,제작
 , ,품절
 , ,아티스트
 , ,린지
 , ,아트
 , ,다이어리
 , ,희망
 , ,다이어리
 , ,다이어리
 , ,수능
 , ,선물
 , ,위드
 , ,아이스
 , ,승일
 , ,희망
 , ,재단
 , ,루게릭
 , ,병원
 , ,건립
 , ,희망
 , ,다섯
 , ,분
 , ,작가
 , ,재능기부
 , ,제작
 , ,위드
 , ,아이스
 , ,다이어리
 , ,일
 , ,내지
 , ,사진
 , ,추후
 , ,승일
 , ,희망
 , ,재단
 , ,루게릭
 , ,요양
 , ,병원
 , ,건립
 , ,후원
 , ,수익금
 , ,건립
 , ,기금
 , ,사용
 , ,분
 , ,관심
 , ,사랑
 , ,구입
 , ,위드
 , ,아이스
 , ,다음주
 , ,오픈
 , ,승일
 , ,희망
 , ,재단
 , ,위드
 , ,아이스
 , ,아티스트
 , ,린지
 , ,보라색
 , ,라푼젤
 , ,드로잉
 , ,스케치
 , ,프리즈
 , ,마
 , ,색연필
 , ,임
 , ,보라
 , ,그냥
 , ,갑자기
 , ,정우성
 , ,훆옼하
 , ,안
 , ,끼
 , ,정도
 , ,날
 , ,마지막
 , ,사진
 , ,간식
 , ,임
 , ,후쿠오카
 , ,팔레트
 , ,셍
 , ,후쿠오카
 , ,불금
 , ,오늘
 , ,프리즈
 , ,마
 , ,열한
 , ,자루
 , ,요즘
 , ,자주
 , ,집
 , ,오늘
 , ,확행
 , ,페퍼로니
 , ,비녀
 , ,가장
 , ,장신구
 , ,행복
 , ,모래성
 , ,심술
 , ,드로잉
 , ,스케치
 , ,프리즈
 , ,마
 , ,색연필
 , ,일러스트
 , ,만
 , ,신라
 , ,그녀
 , ,러블리
 , ,앞머리
 , ,드로잉
 , ,프리즈
 , ,마
 , ,색연필
 , ,한복
